Selection	View	Channel	Begin Time (s)	End Time (s)	Low Freq (Hz)	High Freq (Hz)	Begin File	File Offset (s)	Frame Duration	Occupancy	Reason
1	Waveform 1	1	0.371507937	0.423752834	800.0	10000.0	Ag13_43421.27975590_11_17_7_46_15.wav	0.3715	9	1.0000	Detection
1	Spectrogram 1	1	0.371507937	0.423752834	800.0	10000.0	Ag13_43421.27975590_11_17_7_46_15.wav	0.3715	9	1.0000	Detection
2	Waveform 1	1	1.091326531	1.178401361	800.0	10000.0	Ag13_43421.27975590_11_17_7_46_15.wav	1.0913	15	1.0000	Detection
2	Spectrogram 1	1	1.091326531	1.178401361	800.0	10000.0	Ag13_43421.27975590_11_17_7_46_15.wav	1.0913	15	1.0000	Detection
3	Waveform 1	1	3.186927438	3.262392290	800.0	10000.0	Ag13_43421.27975590_11_17_7_46_15.wav	3.1869	13	0.6154	Too sparse
3	Spectrogram 1	1	3.186927438	3.262392290	800.0	10000.0	Ag13_43421.27975590_11_17_7_46_15.wav	3.1869	13	0.6154	Too sparse
4	Waveform 1	1	3.610691610	3.668741497	800.0	10000.0	Ag13_43421.27975590_11_17_7_46_15.wav	3.6107	10	1.0000	Detection
4	Spectrogram 1	1	3.610691610	3.668741497	800.0	10000.0	Ag13_43421.27975590_11_17_7_46_15.wav	3.6107	10	1.0000	Detection
5	Waveform 1	1	5.085158730	5.172233560	800.0	10000.0	Ag13_43421.27975590_11_17_7_46_15.wav	5.0851	15	0.8667	Detection
5	Spectrogram 1	1	5.085158730	5.172233560	800.0	10000.0	Ag13_43421.27975590_11_17_7_46_15.wav	5.0851	15	0.8667	Detection
6	Waveform 1	1	5.595997732	5.619217687	800.0	10000.0	Ag13_43421.27975590_11_17_7_46_15.wav	5.5960	4	1.0000	Too short
6	Spectrogram 1	1	5.595997732	5.619217687	800.0	10000.0	Ag13_43421.27975590_11_17_7_46_15.wav	5.5960	4	1.0000	Too short
7	Waveform 1	1	6.559625850	6.919535147	800.0	10000.0	Ag13_43421.27975590_11_17_7_46_15.wav	6.5596	62	0.5323	Too sparse
7	Spectrogram 1	1	6.559625850	6.919535147	800.0	10000.0	Ag13_43421.27975590_11_17_7_46_15.wav	6.5596	62	0.5323	Too sparse
8	Waveform 1	1	7.941213152	7.970238095	800.0	10000.0	Ag13_43421.27975590_11_17_7_46_15.wav	7.9412	5	0.6000	Too short
8	Spectrogram 1	1	7.941213152	7.970238095	800.0	10000.0	Ag13_43421.27975590_11_17_7_46_15.wav	7.9412	5	0.6000	Too short
9	Waveform 1	1	8.312732426	8.394002268	800.0	10000.0	Ag13_43421.27975590_11_17_7_46_15.wav	8.3127	14	0.8571	Detection
9	Spectrogram 1	1	8.312732426	8.394002268	800.0	10000.0	Ag13_43421.27975590_11_17_7_46_15.wav	8.3127	14	0.8571	Detection
10	Waveform 1	1	8.753911565	8.759716553	800.0	10000.0	Ag13_43421.27975590_11_17_7_46_15.wav	8.7539	1	1.0000	Too short
10	Spectrogram 1	1	8.753911565	8.759716553	800.0	10000.0	Ag13_43421.27975590_11_17_7_46_15.wav	8.7539	1	1.0000	Too short
11	Waveform 1	1	9.195090703	9.299580499	800.0	10000.0	Ag13_43421.27975590_11_17_7_46_15.wav	9.1951	18	1.0000	Detection
11	Spectrogram 1	1	9.195090703	9.299580499	800.0	10000.0	Ag13_43421.27975590_11_17_7_46_15.wav	9.1951	18	1.0000	Detection
12	Waveform 1	1	9.822029478	11.104931973	800.0	10000.0	Ag13_43421.27975590_11_17_7_46_15.wav	9.8220	221	0.4887	Too long
12	Spectrogram 1	1	9.822029478	11.104931973	800.0	10000.0	Ag13_43421.27975590_11_17_7_46_15.wav	9.8220	221	0.4887	Too long
13	Waveform 1	1	11.993095238	12.027925170	800.0	10000.0	Ag13_43421.27975590_11_17_7_46_15.wav	11.9931	6	1.0000	Too short
13	Spectrogram 1	1	11.993095238	12.027925170	800.0	10000.0	Ag13_43421.27975590_11_17_7_46_15.wav	11.9931	6	1.0000	Too short
14	Waveform 1	1	12.312369615	12.416859410	800.0	10000.0	Ag13_43421.27975590_11_17_7_46_15.wav	12.3124	18	1.0000	Detection
14	Spectrogram 1	1	12.312369615	12.416859410	800.0	10000.0	Ag13_43421.27975590_11_17_7_46_15.wav	12.3124	18	1.0000	Detection
15	Waveform 1	1	13.781031746	13.868106576	800.0	10000.0	Ag13_43421.27975590_11_17_7_46_15.wav	13.7810	15	1.0000	Detection
15	Spectrogram 1	1	13.781031746	13.868106576	800.0	10000.0	Ag13_43421.27975590_11_17_7_46_15.wav	13.7810	15	1.0000	Detection
16	Waveform 1	1	15.145204082	15.400623583	800.0	10000.0	Ag13_43421.27975590_11_17_7_46_15.wav	15.1452	44	0.3409	Too sparse
16	Spectrogram 1	1	15.145204082	15.400623583	800.0	10000.0	Ag13_43421.27975590_11_17_7_46_15.wav	15.1452	44	0.3409	Too sparse
17	Waveform 1	1	15.714092971	17.821303855	800.0	10000.0	Ag13_43421.27975590_11_17_7_46_15.wav	15.7141	363	0.7163	Too long
17	Spectrogram 1	1	15.714092971	17.821303855	800.0	10000.0	Ag13_43421.27975590_11_17_7_46_15.wav	15.7141	363	0.7163	Too long
18	Waveform 1	1	18.848786848	20.398718821	800.0	10000.0	Ag13_43421.27975590_11_17_7_46_15.wav	18.8488	267	0.8202	Too long
18	Spectrogram 1	1	18.848786848	20.398718821	800.0	10000.0	Ag13_43421.27975590_11_17_7_46_15.wav	18.8488	267	0.8202	Too long
19	Waveform 1	1	21.286882086	21.768696145	800.0	10000.0	Ag13_43421.27975590_11_17_7_46_15.wav	21.2869	83	0.8313	Detection
19	Spectrogram 1	1	21.286882086	21.768696145	800.0	10000.0	Ag13_43421.27975590_11_17_7_46_15.wav	21.2869	83	0.8313	Detection
20	Waveform 1	1	22.006700680	22.395634921	800.0	10000.0	BRN7_43435.27985312_12_1_7_46_25.wav	0.2453	67	0.1940	Too sparse
20	Spectrogram 1	1	22.006700680	22.395634921	800.0	10000.0	BRN7_43435.27985312_12_1_7_46_25.wav	0.2453	67	0.1940	Too sparse
21	Waveform 1	1	22.993548753	22.999353741	800.0	10000.0	BRN7_43435.27985312_12_1_7_46_25.wav	1.2322	1	1.0000	Too short
21	Spectrogram 1	1	22.993548753	22.999353741	800.0	10000.0	BRN7_43435.27985312_12_1_7_46_25.wav	1.2322	1	1.0000	Too short
22	Waveform 1	1	23.388287982	23.394092971	800.0	10000.0	BRN7_43435.27985312_12_1_7_46_25.wav	1.6269	1	1.0000	Too short
22	Spectrogram 1	1	23.388287982	23.394092971	800.0	10000.0	BRN7_43435.27985312_12_1_7_46_25.wav	1.6269	1	1.0000	Too short
23	Waveform 1	1	23.672732426	24.102301587	800.0	10000.0	BRN7_43435.27985312_12_1_7_46_25.wav	1.9114	74	0.1351	Too sparse
23	Spectrogram 1	1	23.672732426	24.102301587	800.0	10000.0	BRN7_43435.27985312_12_1_7_46_25.wav	1.9114	74	0.1351	Too sparse
24	Waveform 1	1	24.903390023	25.843798186	800.0	10000.0	BRN7_43435.27985312_12_1_7_46_25.wav	3.1420	162	0.9877	Too long
24	Spectrogram 1	1	24.903390023	25.843798186	800.0	10000.0	BRN7_43435.27985312_12_1_7_46_25.wav	3.1420	162	0.9877	Too long
25	Waveform 1	1	26.331417234	26.401077098	800.0	10000.0	BRN7_43435.27985312_12_1_7_46_25.wav	4.5700	12	0.1667	Too sparse
25	Spectrogram 1	1	26.331417234	26.401077098	800.0	10000.0	BRN7_43435.27985312_12_1_7_46_25.wav	4.5700	12	0.1667	Too sparse
26	Waveform 1	1	26.644886621	26.650691610	800.0	10000.0	BRN7_43435.27985312_12_1_7_46_25.wav	4.8835	1	1.0000	Too short
26	Spectrogram 1	1	26.644886621	26.650691610	800.0	10000.0	BRN7_43435.27985312_12_1_7_46_25.wav	4.8835	1	1.0000	Too short
27	Waveform 1	1	26.952551020	27.016405896	800.0	10000.0	BRN7_43435.27985312_12_1_7_46_25.wav	5.1912	11	0.1818	Too sparse
27	Spectrogram 1	1	26.952551020	27.016405896	800.0	10000.0	BRN7_43435.27985312_12_1_7_46_25.wav	5.1912	11	0.1818	Too sparse
28	Waveform 1	1	27.295045351	27.387925170	800.0	10000.0	BRN7_43435.27985312_12_1_7_46_25.wav	5.5337	16	0.1250	Too sparse
28	Spectrogram 1	1	27.295045351	27.387925170	800.0	10000.0	BRN7_43435.27985312_12_1_7_46_25.wav	5.5337	16	0.1250	Too sparse
29	Waveform 1	1	27.654954649	27.660759637	800.0	10000.0	BRN7_43435.27985312_12_1_7_46_25.wav	5.8936	1	1.0000	Too short
29	Spectrogram 1	1	27.654954649	27.660759637	800.0	10000.0	BRN7_43435.27985312_12_1_7_46_25.wav	5.8936	1	1.0000	Too short
30	Waveform 1	1	27.980034014	28.287698413	800.0	10000.0	BRN7_43435.27985312_12_1_7_46_25.wav	6.2187	53	0.4528	Too sparse
30	Spectrogram 1	1	27.980034014	28.287698413	800.0	10000.0	BRN7_43435.27985312_12_1_7_46_25.wav	6.2187	53	0.4528	Too sparse
31	Waveform 1	1	28.653412698	29.437086168	800.0	10000.0	BRN7_43435.27985312_12_1_7_46_25.wav	6.8920	135	0.6889	Too long
31	Spectrogram 1	1	28.653412698	29.437086168	800.0	10000.0	BRN7_43435.27985312_12_1_7_46_25.wav	6.8920	135	0.6889	Too long
32	Waveform 1	1	29.669285714	29.738945578	800.0	10000.0	BRN7_43435.27985312_12_1_7_46_25.wav	7.9079	12	0.8333	Detection
32	Spectrogram 1	1	29.669285714	29.738945578	800.0	10000.0	BRN7_43435.27985312_12_1_7_46_25.wav	7.9079	12	0.8333	Detection
33	Waveform 1	1	29.971145125	30.754818594	800.0	10000.0	BRN7_43435.27985312_12_1_7_46_25.wav	8.2098	135	0.7926	Too long
33	Spectrogram 1	1	29.971145125	30.754818594	800.0	10000.0	BRN7_43435.27985312_12_1_7_46_25.wav	8.2098	135	0.7926	Too long
34	Waveform 1	1	30.975408163	30.981213152	800.0	10000.0	BRN7_43435.27985312_12_1_7_46_25.wav	9.2140	1	1.0000	Too short
34	Spectrogram 1	1	30.975408163	30.981213152	800.0	10000.0	BRN7_43435.27985312_12_1_7_46_25.wav	9.2140	1	1.0000	Too short
35	Waveform 1	1	32.037721088	32.078356009	800.0	10000.0	BRN7_43435.27985312_12_1_7_46_25.wav	10.2763	7	1.0000	Detection
35	Spectrogram 1	1	32.037721088	32.078356009	800.0	10000.0	BRN7_43435.27985312_12_1_7_46_25.wav	10.2763	7	1.0000	Detection
36	Waveform 1	1	32.339580499	34.864750567	800.0	10000.0	BRN7_43435.27985312_12_1_7_46_25.wav	10.5782	435	0.7241	Too long
36	Spectrogram 1	1	32.339580499	34.864750567	800.0	10000.0	BRN7_43435.27985312_12_1_7_46_25.wav	10.5782	435	0.7241	Too long
37	Waveform 1	1	35.416224490	38.103934240	800.0	10000.0	BRN7_43435.27985312_12_1_7_46_25.wav	13.6548	463	0.7581	Too long
37	Spectrogram 1	1	35.416224490	38.103934240	800.0	10000.0	BRN7_43435.27985312_12_1_7_46_25.wav	13.6548	463	0.7581	Too long
38	Waveform 1	1	40.344659864	40.478174603	800.0	10000.0	Blk109Brn_43559.32349131_4_4_8_59_9.wav	0.2789	23	0.6957	Too sparse
38	Spectrogram 1	1	40.344659864	40.478174603	800.0	10000.0	Blk109Brn_43559.32349131_4_4_8_59_9.wav	0.2789	23	0.6957	Too sparse
39	Waveform 1	1	40.762619048	40.803253968	800.0	10000.0	Blk109Brn_43559.32349131_4_4_8_59_9.wav	0.6968	7	1.0000	Detection
39	Spectrogram 1	1	40.762619048	40.803253968	800.0	10000.0	Blk109Brn_43559.32349131_4_4_8_59_9.wav	0.6968	7	1.0000	Detection
40	Waveform 1	1	41.151553288	41.221213152	800.0	10000.0	Blk109Brn_43559.32349131_4_4_8_59_9.wav	1.0858	12	0.9167	Detection
40	Spectrogram 1	1	41.151553288	41.221213152	800.0	10000.0	Blk109Brn_43559.32349131_4_4_8_59_9.wav	1.0858	12	0.9167	Detection
41	Waveform 1	1	41.528877551	44.826111111	800.0	10000.0	Blk109Brn_43559.32349131_4_4_8_59_9.wav	1.4631	568	0.7412	Too long
41	Spectrogram 1	1	41.528877551	44.826111111	800.0	10000.0	Blk109Brn_43559.32349131_4_4_8_59_9.wav	1.4631	568	0.7412	Too long
42	Waveform 1	1	46.823027211	46.828832200	800.0	10000.0	DB118_43568.33139566_4_13_9_12_19.wav	0.0016	1	1.0000	Too short
42	Spectrogram 1	1	46.823027211	46.828832200	800.0	10000.0	DB118_43568.33139566_4_13_9_12_19.wav	0.0016	1	1.0000	Too short
43	Waveform 1	1	47.171326531	47.362891156	800.0	10000.0	DB118_43568.33139566_4_13_9_12_19.wav	0.3498	33	0.7576	Detection
43	Spectrogram 1	1	47.171326531	47.362891156	800.0	10000.0	DB118_43568.33139566_4_13_9_12_19.wav	0.3498	33	0.7576	Detection
44	Waveform 1	1	47.763435374	48.065294785	800.0	10000.0	DB118_43568.33139566_4_13_9_12_19.wav	0.9420	52	0.7308	Detection
44	Spectrogram 1	1	47.763435374	48.065294785	800.0	10000.0	DB118_43568.33139566_4_13_9_12_19.wav	0.9420	52	0.7308	Detection
45	Waveform 1	1	50.015770975	50.091235828	800.0	10000.0	DB118_43568.33139566_4_13_9_12_19.wav	3.1943	13	1.0000	Detection
45	Spectrogram 1	1	50.015770975	50.091235828	800.0	10000.0	DB118_43568.33139566_4_13_9_12_19.wav	3.1943	13	1.0000	Detection
46	Waveform 1	1	50.625294785	50.950374150	800.0	10000.0	DB118_43568.33139566_4_13_9_12_19.wav	3.8038	56	0.7143	Detection
46	Spectrogram 1	1	50.625294785	50.950374150	800.0	10000.0	DB118_43568.33139566_4_13_9_12_19.wav	3.8038	56	0.7143	Detection
47	Waveform 1	1	51.815317460	53.225929705	800.0	10000.0	DB118_43568.33139566_4_13_9_12_19.wav	4.9939	243	0.8642	Too long
47	Spectrogram 1	1	51.815317460	53.225929705	800.0	10000.0	DB118_43568.33139566_4_13_9_12_19.wav	4.9939	243	0.8642	Too long
48	Waveform 1	1	55.211235828	55.338945578	800.0	10000.0	DB118_43568.33139566_4_13_9_12_19.wav	8.3898	22	0.0909	Too sparse
48	Spectrogram 1	1	55.211235828	55.338945578	800.0	10000.0	DB118_43568.33139566_4_13_9_12_19.wav	8.3898	22	0.0909	Too sparse
49	Waveform 1	1	55.576950113	56.169058957	800.0	10000.0	DB15HP_43450.29217192_12_16_8_6_57.wav	0.3638	102	0.4216	Too long
49	Spectrogram 1	1	55.576950113	56.169058957	800.0	10000.0	DB15HP_43450.29217192_12_16_8_6_57.wav	0.3638	102	0.4216	Too long
50	Waveform 1	1	57.637721088	57.736405896	800.0	10000.0	DB15HP_43450.29217192_12_16_8_6_57.wav	2.4246	17	1.0000	Detection
50	Spectrogram 1	1	57.637721088	57.736405896	800.0	10000.0	DB15HP_43450.29217192_12_16_8_6_57.wav	2.4246	17	1.0000	Detection
51	Waveform 1	1	58.009240363	59.216678005	800.0	10000.0	DB15HP_43450.29217192_12_16_8_6_57.wav	2.7961	208	0.6394	Too long
51	Spectrogram 1	1	58.009240363	59.216678005	800.0	10000.0	DB15HP_43450.29217192_12_16_8_6_57.wav	2.7961	208	0.6394	Too long
52	Waveform 1	1	59.861031746	60.766609977	800.0	10000.0	DB15HP_43450.29217192_12_16_8_6_57.wav	4.6479	156	0.7564	Too long
52	Spectrogram 1	1	59.861031746	60.766609977	800.0	10000.0	DB15HP_43450.29217192_12_16_8_6_57.wav	4.6479	156	0.7564	Too long
53	Waveform 1	1	61.741848073	63.431099773	800.0	10000.0	DB15HP_43450.29217192_12_16_8_6_57.wav	6.5287	291	0.7251	Too long
53	Spectrogram 1	1	61.741848073	63.431099773	800.0	10000.0	DB15HP_43450.29217192_12_16_8_6_57.wav	6.5287	291	0.7251	Too long
54	Waveform 1	1	65.416405896	65.422210884	800.0	10000.0	DB15HP_43450.29217192_12_16_8_6_57.wav	10.2032	1	1.0000	Too short
54	Spectrogram 1	1	65.416405896	65.422210884	800.0	10000.0	DB15HP_43450.29217192_12_16_8_6_57.wav	10.2032	1	1.0000	Too short
55	Waveform 1	1	65.793730159	65.880804989	800.0	10000.0	DB7_43357.58119484_9_14_16_8_39.wav	0.3761	15	1.0000	Detection
55	Spectrogram 1	1	65.793730159	65.880804989	800.0	10000.0	DB7_43357.58119484_9_14_16_8_39.wav	0.3761	15	1.0000	Detection
56	Waveform 1	1	67.030192744	67.210147392	800.0	10000.0	DB7_43357.58119484_9_14_16_8_39.wav	1.6126	31	1.0000	Detection
56	Spectrogram 1	1	67.030192744	67.210147392	800.0	10000.0	DB7_43357.58119484_9_14_16_8_39.wav	1.6126	31	1.0000	Detection
57	Waveform 1	1	67.622301587	70.553820862	800.0	10000.0	DB7_43357.58119484_9_14_16_8_39.wav	2.2047	505	0.8000	Too long
57	Spectrogram 1	1	67.622301587	70.553820862	800.0	10000.0	DB7_43357.58119484_9_14_16_8_39.wav	2.2047	505	0.8000	Too long
58	Waveform 1	1	72.185022676	72.190827664	800.0	10000.0	DB7_43357.58119484_9_14_16_8_39.wav	6.7674	1	1.0000	Too short
58	Spectrogram 1	1	72.185022676	72.190827664	800.0	10000.0	DB7_43357.58119484_9_14_16_8_39.wav	6.7674	1	1.0000	Too short
59	Waveform 1	1	72.486882086	72.504297052	800.0	10000.0	DB7_43357.58119484_9_14_16_8_39.wav	7.0693	3	0.6667	Too short
59	Spectrogram 1	1	72.486882086	72.504297052	800.0	10000.0	DB7_43357.58119484_9_14_16_8_39.wav	7.0693	3	0.6667	Too short
60	Waveform 1	1	72.875816327	72.928061224	800.0	10000.0	DG124DB_43559.30160960_4_4_8_22_40.wav	0.3484	9	1.0000	Detection
60	Spectrogram 1	1	72.875816327	72.928061224	800.0	10000.0	DG124DB_43559.30160960_4_4_8_22_40.wav	0.3484	9	1.0000	Detection
61	Waveform 1	1	73.456315193	73.682709751	800.0	10000.0	DG124DB_43559.30160960_4_4_8_22_40.wav	0.9289	39	0.9487	Detection
61	Spectrogram 1	1	73.456315193	73.682709751	800.0	10000.0	DG124DB_43559.30160960_4_4_8_22_40.wav	0.9289	39	0.9487	Detection
62	Waveform 1	1	74.385113379	74.437358277	800.0	10000.0	DG124DB_43559.30160960_4_4_8_22_40.wav	1.8577	9	1.0000	Detection
62	Spectrogram 1	1	74.385113379	74.437358277	800.0	10000.0	DG124DB_43559.30160960_4_4_8_22_40.wav	1.8577	9	1.0000	Detection
63	Waveform 1	1	74.820487528	74.872732426	800.0	10000.0	DG124DB_43559.30160960_4_4_8_22_40.wav	2.2931	9	1.0000	Detection
63	Spectrogram 1	1	74.820487528	74.872732426	800.0	10000.0	DG124DB_43559.30160960_4_4_8_22_40.wav	2.2931	9	1.0000	Detection
64	Waveform 1	1	75.673820862	75.755090703	800.0	10000.0	DG124DB_43559.30160960_4_4_8_22_40.wav	3.1464	14	0.6429	Too sparse
64	Spectrogram 1	1	75.673820862	75.755090703	800.0	10000.0	DG124DB_43559.30160960_4_4_8_22_40.wav	3.1464	14	0.6429	Too sparse
65	Waveform 1	1	76.300759637	76.323979592	800.0	10000.0	DG124DB_43559.30160960_4_4_8_22_40.wav	3.7734	4	0.7500	Too short
65	Spectrogram 1	1	76.300759637	76.323979592	800.0	10000.0	DG124DB_43559.30160960_4_4_8_22_40.wav	3.7734	4	0.7500	Too short
66	Waveform 1	1	76.666473923	76.724523810	800.0	10000.0	DG124DB_43559.30160960_4_4_8_22_40.wav	4.1391	10	0.5000	Too sparse
66	Spectrogram 1	1	76.666473923	76.724523810	800.0	10000.0	DG124DB_43559.30160960_4_4_8_22_40.wav	4.1391	10	0.5000	Too sparse
67	Waveform 1	1	77.171507937	77.223752834	800.0	10000.0	DG124DB_43559.30160960_4_4_8_22_40.wav	4.6441	9	1.0000	Detection
67	Spectrogram 1	1	77.171507937	77.223752834	800.0	10000.0	DG124DB_43559.30160960_4_4_8_22_40.wav	4.6441	9	1.0000	Detection
68	Waveform 1	1	78.640170068	78.692414966	800.0	10000.0	DG124DB_43559.30160960_4_4_8_22_40.wav	6.1128	9	1.0000	Detection
68	Spectrogram 1	1	78.640170068	78.692414966	800.0	10000.0	DG124DB_43559.30160960_4_4_8_22_40.wav	6.1128	9	1.0000	Detection
69	Waveform 1	1	79.371598639	79.865022676	800.0	10000.0	DG124DB_43559.30160960_4_4_8_22_40.wav	6.8442	85	0.5059	Too sparse
69	Spectrogram 1	1	79.371598639	79.865022676	800.0	10000.0	DG124DB_43559.30160960_4_4_8_22_40.wav	6.8442	85	0.5059	Too sparse
70	Waveform 1	1	80.114637188	80.184297052	800.0	10000.0	DG124DB_43559.30160960_4_4_8_22_40.wav	7.5873	12	1.0000	Detection
70	Spectrogram 1	1	80.114637188	80.184297052	800.0	10000.0	DG124DB_43559.30160960_4_4_8_22_40.wav	7.5873	12	1.0000	Detection
71	Waveform 1	1	80.474546485	82.401802721	800.0	10000.0	DG124DB_43559.30160960_4_4_8_22_40.wav	7.9472	332	0.5753	Too long
71	Spectrogram 1	1	80.474546485	82.401802721	800.0	10000.0	DG124DB_43559.30160960_4_4_8_22_40.wav	7.9472	332	0.5753	Too long
72	Waveform 1	1	82.639807256	83.899489796	800.0	10000.0	DG124DB_43559.30160960_4_4_8_22_40.wav	10.1124	217	0.5668	Too long
72	Spectrogram 1	1	82.639807256	83.899489796	800.0	10000.0	DG124DB_43559.30160960_4_4_8_22_40.wav	10.1124	217	0.5668	Too long
73	Waveform 1	1	84.236179138	85.333321995	800.0	10000.0	DG124DB_43559.30160960_4_4_8_22_40.wav	11.7088	189	0.7460	Too long
73	Spectrogram 1	1	84.236179138	85.333321995	800.0	10000.0	DG124DB_43559.30160960_4_4_8_22_40.wav	11.7088	189	0.7460	Too long
74	Waveform 1	1	85.559716553	85.664206349	800.0	10000.0	DG124DB_43559.30160960_4_4_8_22_40.wav	13.0323	18	1.0000	Detection
74	Spectrogram 1	1	85.559716553	85.664206349	800.0	10000.0	DG124DB_43559.30160960_4_4_8_22_40.wav	13.0323	18	1.0000	Detection
75	Waveform 1	1	85.989285714	86.355000000	800.0	10000.0	DG124DB_43559.30160960_4_4_8_22_40.wav	13.4619	63	0.7619	Detection
75	Spectrogram 1	1	85.989285714	86.355000000	800.0	10000.0	DG124DB_43559.30160960_4_4_8_22_40.wav	13.4619	63	0.7619	Detection
76	Waveform 1	1	86.622029478	86.662664399	800.0	10000.0	DG124DB_43559.30160960_4_4_8_22_40.wav	14.0946	7	1.0000	Detection
76	Spectrogram 1	1	86.622029478	86.662664399	800.0	10000.0	DG124DB_43559.30160960_4_4_8_22_40.wav	14.0946	7	1.0000	Detection
77	Waveform 1	1	87.109648526	87.161893424	800.0	10000.0	DG124DB_43559.30160960_4_4_8_22_40.wav	14.5823	9	1.0000	Detection
77	Spectrogram 1	1	87.109648526	87.161893424	800.0	10000.0	DG124DB_43559.30160960_4_4_8_22_40.wav	14.5823	9	1.0000	Detection
78	Waveform 1	1	87.957176871	88.073276644	800.0	10000.0	DG124DB_43559.30160960_4_4_8_22_40.wav	15.4298	20	0.8000	Detection
78	Spectrogram 1	1	87.957176871	88.073276644	800.0	10000.0	DG124DB_43559.30160960_4_4_8_22_40.wav	15.4298	20	0.8000	Detection
79	Waveform 1	1	88.584115646	88.595725624	800.0	10000.0	DG124DB_43559.30160960_4_4_8_22_40.wav	16.0567	2	1.0000	Too short
79	Spectrogram 1	1	88.584115646	88.595725624	800.0	10000.0	DG124DB_43559.30160960_4_4_8_22_40.wav	16.0567	2	1.0000	Too short
80	Waveform 1	1	89.971507937	89.977312925	800.0	10000.0	GRY37HP_43442.27431670_12_8_7_37_11.wav	0.0015	1	1.0000	Too short
80	Spectrogram 1	1	89.971507937	89.977312925	800.0	10000.0	GRY37HP_43442.27431670_12_8_7_37_11.wav	0.0015	1	1.0000	Too short
81	Waveform 1	1	90.226927438	91.353095238	800.0	10000.0	GRY37HP_43442.27431670_12_8_7_37_11.wav	0.2569	194	0.9227	Too long
81	Spectrogram 1	1	90.226927438	91.353095238	800.0	10000.0	GRY37HP_43442.27431670_12_8_7_37_11.wav	0.2569	194	0.9227	Too long
82	Waveform 1	1	92.096133787	92.235453515	800.0	10000.0	GRY37HP_43442.27431670_12_8_7_37_11.wav	2.1261	24	1.0000	Detection
82	Spectrogram 1	1	92.096133787	92.235453515	800.0	10000.0	GRY37HP_43442.27431670_12_8_7_37_11.wav	2.1261	24	1.0000	Detection
83	Waveform 1	1	92.456043084	92.525702948	800.0	10000.0	GRY37HP_43442.27431670_12_8_7_37_11.wav	2.4860	12	0.9167	Detection
83	Spectrogram 1	1	92.456043084	92.525702948	800.0	10000.0	GRY37HP_43442.27431670_12_8_7_37_11.wav	2.4860	12	0.9167	Detection
84	Waveform 1	1	93.053956916	94.632913832	800.0	10000.0	GRY37HP_43442.27431670_12_8_7_37_11.wav	3.0839	272	0.5846	Too long
84	Spectrogram 1	1	93.053956916	94.632913832	800.0	10000.0	GRY37HP_43442.27431670_12_8_7_37_11.wav	3.0839	272	0.5846	Too long
85	Waveform 1	1	95.933231293	101.598900227	800.0	10000.0	GRY37HP_43442.27431670_12_8_7_37_11.wav	5.9632	976	0.7602	Too long
85	Spectrogram 1	1	95.933231293	101.598900227	800.0	10000.0	GRY37HP_43442.27431670_12_8_7_37_11.wav	5.9632	976	0.7602	Too long
86	Waveform 1	1	102.220034014	103.276541950	800.0	10000.0	GRY37HP_43442.27431670_12_8_7_37_11.wav	12.2500	182	0.9396	Too long
86	Spectrogram 1	1	102.220034014	103.276541950	800.0	10000.0	GRY37HP_43442.27431670_12_8_7_37_11.wav	12.2500	182	0.9396	Too long
87	Waveform 1	1	105.250238095	105.900396825	800.0	10000.0	Gold183_43555.5549813_3_31_1_32_29.wav	0.0002	112	0.4732	Too long
87	Spectrogram 1	1	105.250238095	105.900396825	800.0	10000.0	Gold183_43555.5549813_3_31_1_32_29.wav	0.0002	112	0.4732	Too long
88	Waveform 1	1	108.234002268	108.733231293	800.0	10000.0	Gry35HP_43455.29800260_12_21_8_16_40.wav	0.3498	86	0.6628	Too sparse
88	Spectrogram 1	1	108.234002268	108.733231293	800.0	10000.0	Gry35HP_43455.29800260_12_21_8_16_40.wav	0.3498	86	0.6628	Too sparse
89	Waveform 1	1	109.836179138	110.184478458	800.0	10000.0	Gry35HP_43455.29800260_12_21_8_16_40.wav	1.9520	60	0.6500	Too sparse
89	Spectrogram 1	1	109.836179138	110.184478458	800.0	10000.0	Gry35HP_43455.29800260_12_21_8_16_40.wav	1.9520	60	0.6500	Too sparse
90	Waveform 1	1	110.619852608	113.266927438	800.0	10000.0	Gry35HP_43455.29800260_12_21_8_16_40.wav	2.7356	456	0.8904	Too long
90	Spectrogram 1	1	110.619852608	113.266927438	800.0	10000.0	Gry35HP_43455.29800260_12_21_8_16_40.wav	2.7356	456	0.8904	Too long
91	Waveform 1	1	114.218945578	114.747199546	800.0	10000.0	Gry35HP_43455.29800260_12_21_8_16_40.wav	6.3347	91	0.9890	Detection
91	Spectrogram 1	1	114.218945578	114.747199546	800.0	10000.0	Gry35HP_43455.29800260_12_21_8_16_40.wav	6.3347	91	0.9890	Detection
92	Waveform 1	1	116.697675737	117.823843537	800.0	10000.0	Gry35HP_43455.29800260_12_21_8_16_40.wav	8.8135	194	0.8557	Too long
92	Spectrogram 1	1	116.697675737	117.823843537	800.0	10000.0	Gry35HP_43455.29800260_12_21_8_16_40.wav	8.8135	194	0.8557	Too long
93	Waveform 1	1	118.392732426	118.450782313	800.0	10000.0	HP23HP_43463.28700702_12_29_7_58_20.wav	1.6935	10	0.4000	Too sparse
93	Spectrogram 1	1	118.392732426	118.450782313	800.0	10000.0	HP23HP_43463.28700702_12_29_7_58_20.wav	1.6935	10	0.4000	Too sparse
94	Waveform 1	1	118.874546485	118.891961451	800.0	10000.0	HP23HP_43463.28700702_12_29_7_58_20.wav	2.1753	3	1.0000	Too short
94	Spectrogram 1	1	118.874546485	118.891961451	800.0	10000.0	HP23HP_43463.28700702_12_29_7_58_20.wav	2.1753	3	1.0000	Too short
95	Waveform 1	1	119.820759637	120.163253968	800.0	10000.0	HP23HP_43463.28700702_12_29_7_58_20.wav	3.1215	59	0.9492	Detection
95	Spectrogram 1	1	119.820759637	120.163253968	800.0	10000.0	HP23HP_43463.28700702_12_29_7_58_20.wav	3.1215	59	0.9492	Detection
96	Waveform 1	1	120.575408163	120.581213152	800.0	10000.0	HP23HP_43463.28700702_12_29_7_58_20.wav	3.8761	1	1.0000	Too short
96	Spectrogram 1	1	120.575408163	120.581213152	800.0	10000.0	HP23HP_43463.28700702_12_29_7_58_20.wav	3.8761	1	1.0000	Too short
97	Waveform 1	1	121.945385488	121.986020408	800.0	10000.0	HP23HP_43463.28700702_12_29_7_58_20.wav	5.2461	7	1.0000	Detection
97	Spectrogram 1	1	121.945385488	121.986020408	800.0	10000.0	HP23HP_43463.28700702_12_29_7_58_20.wav	5.2461	7	1.0000	Detection
98	Waveform 1	1	122.351734694	126.061122449	800.0	10000.0	HP23HP_43463.28700702_12_29_7_58_20.wav	5.6525	639	0.6150	Too long
98	Spectrogram 1	1	122.351734694	126.061122449	800.0	10000.0	HP23HP_43463.28700702_12_29_7_58_20.wav	5.6525	639	0.6150	Too long
99	Waveform 1	1	127.808424036	128.377312925	800.0	10000.0	HP23HP_43463.28700702_12_29_7_58_20.wav	11.1092	98	0.3571	Too long
99	Spectrogram 1	1	127.808424036	128.377312925	800.0	10000.0	HP23HP_43463.28700702_12_29_7_58_20.wav	11.1092	98	0.3571	Too long
100	Waveform 1	1	128.876541950	128.888151927	800.0	10000.0	LB18_43505.28993133_2_9_8_3_13.wav	0.8845	2	1.0000	Too short
100	Spectrogram 1	1	128.876541950	128.888151927	800.0	10000.0	LB18_43505.28993133_2_9_8_3_13.wav	0.8845	2	1.0000	Too short
101	Waveform 1	1	129.131961451	129.143571429	800.0	10000.0	LB18_43505.28993133_2_9_8_3_13.wav	1.1399	2	1.0000	Too short
101	Spectrogram 1	1	129.131961451	129.143571429	800.0	10000.0	LB18_43505.28993133_2_9_8_3_13.wav	1.1399	2	1.0000	Too short
102	Waveform 1	1	129.433820862	129.636995465	800.0	10000.0	LB18_43505.28993133_2_9_8_3_13.wav	1.4418	35	0.3714	Too sparse
102	Spectrogram 1	1	129.433820862	129.636995465	800.0	10000.0	LB18_43505.28993133_2_9_8_3_13.wav	1.4418	35	0.3714	Too sparse
103	Waveform 1	1	130.066564626	130.577403628	800.0	10000.0	LB18_43505.28993133_2_9_8_3_13.wav	2.0745	88	0.5795	Too sparse
103	Spectrogram 1	1	130.066564626	130.577403628	800.0	10000.0	LB18_43505.28993133_2_9_8_3_13.wav	2.0745	88	0.5795	Too sparse
104	Waveform 1	1	131.256587302	131.593276644	800.0	10000.0	LB18_43505.28993133_2_9_8_3_13.wav	3.2645	58	1.0000	Detection
104	Spectrogram 1	1	131.256587302	131.593276644	800.0	10000.0	LB18_43505.28993133_2_9_8_3_13.wav	3.2645	58	1.0000	Detection
105	Waveform 1	1	131.877721088	131.947380952	800.0	10000.0	LB18_43505.28993133_2_9_8_3_13.wav	3.8857	12	0.8333	Detection
105	Spectrogram 1	1	131.877721088	131.947380952	800.0	10000.0	LB18_43505.28993133_2_9_8_3_13.wav	3.8857	12	0.8333	Detection
106	Waveform 1	1	132.940034014	133.259308390	800.0	10000.0	LB18_43505.28993133_2_9_8_3_13.wav	4.9480	55	0.6545	Too sparse
106	Spectrogram 1	1	132.940034014	133.259308390	800.0	10000.0	LB18_43505.28993133_2_9_8_3_13.wav	4.9480	55	0.6545	Too sparse
107	Waveform 1	1	133.758537415	133.944297052	800.0	10000.0	LB18_43505.28993133_2_9_8_3_13.wav	5.7665	32	0.8750	Detection
107	Spectrogram 1	1	133.758537415	133.944297052	800.0	10000.0	LB18_43505.28993133_2_9_8_3_13.wav	5.7665	32	0.8750	Detection
108	Waveform 1	1	134.304206349	134.652505669	800.0	10000.0	LB18_43505.28993133_2_9_8_3_13.wav	6.3122	60	1.0000	Detection
108	Spectrogram 1	1	134.304206349	134.652505669	800.0	10000.0	LB18_43505.28993133_2_9_8_3_13.wav	6.3122	60	1.0000	Detection
109	Waveform 1	1	136.115362812	136.155997732	800.0	10000.0	LB18_43505.28993133_2_9_8_3_13.wav	8.1233	7	0.2857	Too sparse
109	Spectrogram 1	1	136.115362812	136.155997732	800.0	10000.0	LB18_43505.28993133_2_9_8_3_13.wav	8.1233	7	0.2857	Too sparse
110	Waveform 1	1	136.388197279	136.690056689	800.0	10000.0	LB18_43505.28993133_2_9_8_3_13.wav	8.3961	52	0.7500	Detection
110	Spectrogram 1	1	136.388197279	136.690056689	800.0	10000.0	LB18_43505.28993133_2_9_8_3_13.wav	8.3961	52	0.7500	Detection
111	Waveform 1	1	137.160260771	137.560804989	800.0	10000.0	LB18_43505.28993133_2_9_8_3_13.wav	9.1682	69	0.6087	Too sparse
111	Spectrogram 1	1	137.160260771	137.560804989	800.0	10000.0	LB18_43505.28993133_2_9_8_3_13.wav	9.1682	69	0.6087	Too sparse
112	Waveform 1	1	137.851054422	137.874274376	800.0	10000.0	LB18_43505.28993133_2_9_8_3_13.wav	9.8590	4	0.5000	Too short
112	Spectrogram 1	1	137.851054422	137.874274376	800.0	10000.0	LB18_43505.28993133_2_9_8_3_13.wav	9.8590	4	0.5000	Too short
113	Waveform 1	1	138.489603175	138.605702948	800.0	10000.0	LB18_43505.28993133_2_9_8_3_13.wav	10.4976	20	1.0000	Detection
113	Spectrogram 1	1	138.489603175	138.605702948	800.0	10000.0	LB18_43505.28993133_2_9_8_3_13.wav	10.4976	20	1.0000	Detection
114	Waveform 1	1	138.837902494	139.371961451	800.0	10000.0	LB18_43505.28993133_2_9_8_3_13.wav	10.8459	92	1.0000	Detection
114	Spectrogram 1	1	138.837902494	139.371961451	800.0	10000.0	LB18_43505.28993133_2_9_8_3_13.wav	10.8459	92	1.0000	Detection
115	Waveform 1	1	140.318174603	145.020215420	800.0	10000.0	LB18_43505.28993133_2_9_8_3_13.wav	12.3261	810	0.7481	Too long
115	Spectrogram 1	1	140.318174603	145.020215420	800.0	10000.0	LB18_43505.28993133_2_9_8_3_13.wav	12.3261	810	0.7481	Too long
116	Waveform 1	1	145.740034014	145.844523810	800.0	10000.0	LB18_43505.28993133_2_9_8_3_13.wav	17.7480	18	0.6667	Too sparse
116	Spectrogram 1	1	145.740034014	145.844523810	800.0	10000.0	LB18_43505.28993133_2_9_8_3_13.wav	17.7480	18	0.6667	Too sparse
117	Waveform 1	1	146.889421769	147.318990930	800.0	10000.0	LB18_43505.28993133_2_9_8_3_13.wav	18.8974	74	0.6216	Too sparse
117	Spectrogram 1	1	146.889421769	147.318990930	800.0	10000.0	LB18_43505.28993133_2_9_8_3_13.wav	18.8974	74	0.6216	Too sparse
118	Waveform 1	1	148.479988662	148.758628118	800.0	10000.0	LB18_43505.28993133_2_9_8_3_13.wav	20.4879	48	0.3333	Too sparse
118	Spectrogram 1	1	148.479988662	148.758628118	800.0	10000.0	LB18_43505.28993133_2_9_8_3_13.wav	20.4879	48	0.3333	Too sparse
119	Waveform 1	1	149.048877551	149.373956916	800.0	10000.0	LB18_43505.28993133_2_9_8_3_13.wav	21.0568	56	0.0714	Too sparse
119	Spectrogram 1	1	149.048877551	149.373956916	800.0	10000.0	LB18_43505.28993133_2_9_8_3_13.wav	21.0568	56	0.0714	Too sparse
120	Waveform 1	1	150.064750567	150.186655329	800.0	10000.0	LB80R_43560.32514807_4_5_9_1_54.wav	0.3466	21	0.9048	Detection
120	Spectrogram 1	1	150.064750567	150.186655329	800.0	10000.0	LB80R_43560.32514807_4_5_9_1_54.wav	0.3466	21	0.9048	Detection
121	Waveform 1	1	150.871643991	150.935498866	800.0	10000.0	LB80R_43560.32514807_4_5_9_1_54.wav	1.1534	11	0.2727	Too sparse
121	Spectrogram 1	1	150.871643991	150.935498866	800.0	10000.0	LB80R_43560.32514807_4_5_9_1_54.wav	1.1534	11	0.2727	Too sparse
122	Waveform 1	1	151.225748299	151.231553288	800.0	10000.0	LB80R_43560.32514807_4_5_9_1_54.wav	1.5076	1	1.0000	Too short
122	Spectrogram 1	1	151.225748299	151.231553288	800.0	10000.0	LB80R_43560.32514807_4_5_9_1_54.wav	1.5076	1	1.0000	Too short
123	Waveform 1	1	152.137131519	152.247426304	800.0	10000.0	LB80R_43560.32514807_4_5_9_1_54.wav	2.4189	19	1.0000	Detection
123	Spectrogram 1	1	152.137131519	152.247426304	800.0	10000.0	LB80R_43560.32514807_4_5_9_1_54.wav	2.4189	19	1.0000	Detection
124	Waveform 1	1	152.758265306	152.862755102	800.0	10000.0	LB80R_43560.32514807_4_5_9_1_54.wav	3.0401	18	1.0000	Detection
124	Spectrogram 1	1	152.758265306	152.862755102	800.0	10000.0	LB80R_43560.32514807_4_5_9_1_54.wav	3.0401	18	1.0000	Detection
125	Waveform 1	1	153.199444444	153.269104308	800.0	10000.0	LB80R_43560.32514807_4_5_9_1_54.wav	3.4812	12	0.3333	Too sparse
125	Spectrogram 1	1	153.199444444	153.269104308	800.0	10000.0	LB80R_43560.32514807_4_5_9_1_54.wav	3.4812	12	0.3333	Too sparse
126	Waveform 1	1	154.575226757	158.586473923	800.0	10000.0	LB80R_43560.32514807_4_5_9_1_54.wav	4.8570	691	0.6686	Too long
126	Spectrogram 1	1	154.575226757	158.586473923	800.0	10000.0	LB80R_43560.32514807_4_5_9_1_54.wav	4.8570	691	0.6686	Too long
127	Waveform 1	1	160.560170068	160.577585034	800.0	10000.0	LB80R_43560.32514807_4_5_9_1_54.wav	10.8420	3	0.6667	Too short
127	Spectrogram 1	1	160.560170068	160.577585034	800.0	10000.0	LB80R_43560.32514807_4_5_9_1_54.wav	10.8420	3	0.6667	Too short
128	Waveform 1	1	160.943299320	164.797811791	800.0	10000.0	LIME3_43372.31656767_9_29_8_47_36.wav	0.3711	664	0.7123	Too long
128	Spectrogram 1	1	160.943299320	164.797811791	800.0	10000.0	LIME3_43372.31656767_9_29_8_47_36.wav	0.3711	664	0.7123	Too long
129	Waveform 1	1	167.067562358	174.230918367	800.0	10000.0	R29HP_43442.28304265_12_8_7_51_44.wav	0.3058	1234	0.7374	Too long
129	Spectrogram 1	1	167.067562358	174.230918367	800.0	10000.0	R29HP_43442.28304265_12_8_7_51_44.wav	0.3058	1234	0.7374	Too long
130	Waveform 1	1	175.223571429	179.374138322	800.0	10000.0	R29HP_43442.28304265_12_8_7_51_44.wav	8.4618	715	0.7552	Too long
130	Spectrogram 1	1	175.223571429	179.374138322	800.0	10000.0	R29HP_43442.28304265_12_8_7_51_44.wav	8.4618	715	0.7552	Too long
131	Waveform 1	1	181.701938776	181.968968254	800.0	10000.0	R36_43455.29204222_12_21_8_6_44.wav	0.3451	46	0.9130	Detection
131	Spectrogram 1	1	181.701938776	181.968968254	800.0	10000.0	R36_43455.29204222_12_21_8_6_44.wav	0.3451	46	0.9130	Detection
132	Waveform 1	1	183.373775510	183.936859410	800.0	10000.0	R36_43455.29204222_12_21_8_6_44.wav	2.0170	97	0.4021	Too long
132	Spectrogram 1	1	183.373775510	183.936859410	800.0	10000.0	R36_43455.29204222_12_21_8_6_44.wav	2.0170	97	0.4021	Too long
133	Waveform 1	1	184.772777778	185.208151927	800.0	10000.0	R36_43455.29204222_12_21_8_6_44.wav	3.4160	75	0.4667	Too sparse
133	Spectrogram 1	1	184.772777778	185.208151927	800.0	10000.0	R36_43455.29204222_12_21_8_6_44.wav	3.4160	75	0.4667	Too sparse
134	Waveform 1	1	185.556451247	185.614501134	800.0	10000.0	R36_43455.29204222_12_21_8_6_44.wav	4.1996	10	0.6000	Too sparse
134	Spectrogram 1	1	185.556451247	185.614501134	800.0	10000.0	R36_43455.29204222_12_21_8_6_44.wav	4.1996	10	0.6000	Too sparse
135	Waveform 1	1	186.885793651	186.972868481	800.0	10000.0	R36_43455.29204222_12_21_8_6_44.wav	5.5290	15	1.0000	Detection
135	Spectrogram 1	1	186.885793651	186.972868481	800.0	10000.0	R36_43455.29204222_12_21_8_6_44.wav	5.5290	15	1.0000	Detection
136	Waveform 1	1	187.982936508	189.875362812	800.0	10000.0	R36_43455.29204222_12_21_8_6_44.wav	6.6261	326	0.8037	Too long
136	Spectrogram 1	1	187.982936508	189.875362812	800.0	10000.0	R36_43455.29204222_12_21_8_6_44.wav	6.6261	326	0.8037	Too long
137	Waveform 1	1	191.849058957	191.947743764	800.0	10000.0	R36_43455.29204222_12_21_8_6_44.wav	10.4922	17	0.1176	Too sparse
137	Spectrogram 1	1	191.849058957	191.947743764	800.0	10000.0	R36_43455.29204222_12_21_8_6_44.wav	10.4922	17	0.1176	Too sparse
138	Waveform 1	1	192.208968254	200.214047619	800.0	10000.0	R39Y212_43533.30691176_3_9_8_31_31.wav	0.3595	1379	0.6541	Too long
138	Spectrogram 1	1	192.208968254	200.214047619	800.0	10000.0	R39Y212_43533.30691176_3_9_8_31_31.wav	0.3595	1379	0.6541	Too long
139	Waveform 1	1	201.026746032	201.508560091	800.0	10000.0	R39Y212_43533.30691176_3_9_8_31_31.wav	9.1772	83	0.3494	Too sparse
139	Spectrogram 1	1	201.026746032	201.508560091	800.0	10000.0	R39Y212_43533.30691176_3_9_8_31_31.wav	9.1772	83	0.3494	Too sparse
140	Waveform 1	1	201.781394558	201.793004535	800.0	10000.0	R39Y212_43533.30691176_3_9_8_31_31.wav	9.9319	2	1.0000	Too short
140	Spectrogram 1	1	201.781394558	201.793004535	800.0	10000.0	R39Y212_43533.30691176_3_9_8_31_31.wav	9.9319	2	1.0000	Too short
141	Waveform 1	1	202.176133787	202.239988662	800.0	10000.0	R39Y212_43533.30691176_3_9_8_31_31.wav	10.3266	11	0.1818	Too sparse
141	Spectrogram 1	1	202.176133787	202.239988662	800.0	10000.0	R39Y212_43533.30691176_3_9_8_31_31.wav	10.3266	11	0.1818	Too sparse
142	Waveform 1	1	202.907562358	203.064297052	800.0	10000.0	R39Y212_43533.30691176_3_9_8_31_31.wav	11.0580	27	0.4815	Too sparse
142	Spectrogram 1	1	202.907562358	203.064297052	800.0	10000.0	R39Y212_43533.30691176_3_9_8_31_31.wav	11.0580	27	0.4815	Too sparse
143	Waveform 1	1	203.313911565	203.383571429	800.0	10000.0	R39Y212_43533.30691176_3_9_8_31_31.wav	11.4644	12	0.7500	Detection
143	Spectrogram 1	1	203.313911565	203.383571429	800.0	10000.0	R39Y212_43533.30691176_3_9_8_31_31.wav	11.4644	12	0.7500	Detection
144	Waveform 1	1	203.847970522	205.235362812	800.0	10000.0	db1_43427.28100313_11_23_7_48_20.wav	0.3674	239	0.8033	Too long
144	Spectrogram 1	1	203.847970522	205.235362812	800.0	10000.0	db1_43427.28100313_11_23_7_48_20.wav	0.3674	239	0.8033	Too long
145	Waveform 1	1	205.473367347	206.419580499	800.0	10000.0	db1_43427.28100313_11_23_7_48_20.wav	1.9928	163	0.9325	Too long
145	Spectrogram 1	1	205.473367347	206.419580499	800.0	10000.0	db1_43427.28100313_11_23_7_48_20.wav	1.9928	163	0.9325	Too long
146	Waveform 1	1	206.663390023	207.104569161	800.0	10000.0	db1_43427.28100313_11_23_7_48_20.wav	3.1828	76	1.0000	Detection
146	Spectrogram 1	1	206.663390023	207.104569161	800.0	10000.0	db1_43427.28100313_11_23_7_48_20.wav	3.1828	76	1.0000	Detection
147	Waveform 1	1	207.377403628	208.358446712	800.0	10000.0	db1_43427.28100313_11_23_7_48_20.wav	3.8968	169	0.9349	Too long
147	Spectrogram 1	1	207.377403628	208.358446712	800.0	10000.0	db1_43427.28100313_11_23_7_48_20.wav	3.8968	169	0.9349	Too long
148	Waveform 1	1	208.985385488	210.082528345	800.0	10000.0	db1_43427.28100313_11_23_7_48_20.wav	5.5048	189	0.8942	Too long
148	Spectrogram 1	1	208.985385488	210.082528345	800.0	10000.0	db1_43427.28100313_11_23_7_48_20.wav	5.5048	189	0.8942	Too long
149	Waveform 1	1	210.593367347	211.063571429	800.0	10000.0	db1_43427.28100313_11_23_7_48_20.wav	7.1128	81	0.9753	Detection
149	Spectrogram 1	1	210.593367347	211.063571429	800.0	10000.0	db1_43427.28100313_11_23_7_48_20.wav	7.1128	81	0.9753	Detection
150	Waveform 1	1	211.516360544	212.503208617	800.0	10000.0	db1_43427.28100313_11_23_7_48_20.wav	8.0358	170	0.9294	Too long
150	Spectrogram 1	1	211.516360544	212.503208617	800.0	10000.0	db1_43427.28100313_11_23_7_48_20.wav	8.0358	170	0.9294	Too long
151	Waveform 1	1	213.228832200	213.739671202	800.0	10000.0	db1_43427.28100313_11_23_7_48_20.wav	9.7482	88	0.4432	Too sparse
151	Spectrogram 1	1	213.228832200	213.739671202	800.0	10000.0	db1_43427.28100313_11_23_7_48_20.wav	9.7482	88	0.4432	Too sparse
152	Waveform 1	1	214.906473923	215.057403628	800.0	10000.0	db1_43427.28100313_11_23_7_48_20.wav	11.4259	26	0.7692	Detection
152	Spectrogram 1	1	214.906473923	215.057403628	800.0	10000.0	db1_43427.28100313_11_23_7_48_20.wav	11.4259	26	0.7692	Detection
153	Waveform 1	1	215.678537415	217.274909297	800.0	10000.0	db1_43427.28100313_11_23_7_48_20.wav	12.1979	275	0.4473	Too long
153	Spectrogram 1	1	215.678537415	217.274909297	800.0	10000.0	db1_43427.28100313_11_23_7_48_20.wav	12.1979	275	0.4473	Too long
154	Waveform 1	1	217.896043084	217.983117914	800.0	10000.0	db1_43427.28100313_11_23_7_48_20.wav	14.4154	15	0.2000	Too sparse
154	Spectrogram 1	1	217.896043084	217.983117914	800.0	10000.0	db1_43427.28100313_11_23_7_48_20.wav	14.4154	15	0.2000	Too sparse
155	Waveform 1	1	218.470736961	218.476541950	800.0	10000.0	db1_43427.28100313_11_23_7_48_20.wav	14.9901	1	1.0000	Too short
155	Spectrogram 1	1	218.470736961	218.476541950	800.0	10000.0	db1_43427.28100313_11_23_7_48_20.wav	14.9901	1	1.0000	Too short
